
Eigen Vectors corresponding to attributes:
         mois      prot       fat       ash    sodium      carb       cal
PC1  0.064709  0.378761  0.446666  0.471890  0.435703 -0.424914  0.244487
PC2 -0.628276 -0.269707  0.234379 -0.110990  0.201662  0.320312  0.567458
PC3 -0.421669  0.746027 -0.199309  0.056273 -0.455169  0.052237  0.113316
PC4 -0.220722 -0.010593 -0.507042  0.552399  0.446277  0.334339 -0.279263
PC5 -0.006470 -0.387983  0.173368  0.670886 -0.602614  0.007437  0.078003
PC6  0.446450 -0.000172 -0.525403  0.058861  0.003131 -0.000509  0.721914
PC7  0.418569  0.276765  0.377672  0.056021 -0.000524  0.776068  0.012060

Eigen Values corresponding to brands:
        brand
PC1  4.185734
PC2  2.298118
PC3  0.415949
PC4  0.095493
PC5  0.027770
PC6  0.000339
PC7  0.000010
